224.75,15.0
225.0,14.75
225.25,14.75
225.5,15.0
226.0,15.0
226.25,15.25
226.5,15.25
226.75,15.5
227.25,15.5
227.5,15.75
228.0,15.75
228.25,16.0
228.5,16.0
228.75,16.25
229.25,16.25
229.5,16.5
230.0,16.5
230.25,16.75
230.5,16.75
230.75,17.0
231.25,17.0
231.5,17.25
231.75,17.25
232.0,17.5
232.5,17.5
232.75,17.75
233.25,17.75
233.5,18.0
234.0,18.0
234.25,18.25
234.75,18.25
235.0,18.5
235.5,18.5
235.75,18.75
236.25,18.75
236.5,19.0
237.0,19.0
237.25,19.25
238.0,19.25
238.25,19.5
238.75,19.5
239.0,19.75
239.75,19.75
240.0,20.0
240.5,20.0
240.75,20.25
241.5,20.25
241.75,20.5
242.5,20.5
242.75,20.75
243.5,20.75
243.75,21.0
244.75,21.0
245.0,21.25
245.75,21.25
246.0,21.5
247.0,21.5
247.25,21.75
248.25,21.75
248.5,22.0
249.5,22.0
249.75,22.25
251.0,22.25
251.25,22.5
252.5,22.5
252.75,22.75
254.25,22.75
254.5,23.0
256.0,23.0
256.25,23.25
258.25,23.25
258.5,23.5
261.0,23.5
261.25,23.75
267.0,23.75
267.25,23.5
269.75,23.5
270.0,23.25
271.75,23.25
272.0,23.0
273.5,23.0
273.75,22.75
275.25,22.75
275.5,22.5
276.75,22.5
277.0,22.25
278.0,22.25
278.25,22.0
279.5,22.0
279.75,21.75
280.75,21.75
281.0,21.5
281.75,21.5
282.0,21.25
283.0,21.25
283.25,21.0
284.0,21.0
284.25,20.75
285.0,20.75
285.25,20.5
286.0,20.5
286.25,20.25
287.0,20.25
287.25,20.0
287.75,20.0
288.0,19.75
288.75,19.75
289.0,19.5
289.5,19.5
289.75,19.25
290.5,19.25
290.75,19.0
291.25,19.0
291.5,18.75
292.0,18.75
292.25,18.5
292.75,18.5
293.0,18.25
293.5,18.25
293.75,18.0
294.25,18.0
294.5,17.75
295.0,17.75
295.25,17.5
295.75,17.5
296.0,17.25
296.25,17.25
296.5,17.0
297.0,17.0
297.25,16.75
297.75,16.75
298.0,16.5
298.25,16.5
298.5,16.25
299.0,16.25
299.25,16.0
299.75,16.0
300.0,15.75
300.25,15.75
300.5,15.5
301.0,15.5
301.25,15.25
301.75,15.25
302.0,15.0
302.25,15.0
302.5,14.75
302.75,14.75
303.0,15.0
303.25,15.0
303.5,15.25
303.75,15.5
304.0,15.5
304.25,15.75
304.5,16.0
304.75,16.0
305.0,16.25
305.25,16.5
305.5,16.5
305.75,16.75
306.0,17.0
306.25,17.0
306.5,17.25
306.75,17.5
307.0,17.5
307.25,17.75
307.5,18.0
307.75,18.25
308.0,18.25
308.25,18.5
308.5,18.75
308.75,18.75
309.0,19.0
309.25,19.25
309.5,19.25
309.75,19.5
310.0,19.75
310.25,19.75
310.5,20.0
310.75,20.25
311.0,20.5
311.25,20.5
311.5,20.75
311.75,21.0
312.0,21.0
312.25,21.25
312.5,21.5
312.75,21.5
313.0,21.75
313.25,22.0
313.5,22.0
313.75,22.25
314.0,22.5
314.25,22.5
314.5,22.75
314.75,23.0
315.0,23.25
315.25,23.25
315.5,23.5
315.75,23.75
316.0,23.75
316.25,24.0
316.5,24.25
316.75,24.25
317.0,24.5
317.25,24.75
317.5,24.75
317.75,25.0
318.0,25.25
318.25,25.5
318.5,25.5
318.75,25.75
319.0,26.0
319.25,26.0
319.5,26.25
319.75,26.5
320.0,26.5
320.25,26.75
320.5,27.0
320.75,27.0
321.0,27.25
321.25,27.25
321.5,27.5
322.0,27.5
322.25,27.75
323.0,27.75
323.25,28.0
323.75,28.0
324.0,28.25
324.75,28.25
325.0,28.5
325.5,28.5
325.75,28.75
326.25,28.75
326.5,29.0
327.0,29.0
327.25,29.25
328.0,29.25
328.25,29.5
328.75,29.5
329.0,29.75
329.5,29.75
329.75,30.0
330.5,30.0
330.75,30.25
331.25,30.25
331.5,30.5
332.0,30.5
332.25,30.75
333.0,30.75
333.25,31.0
333.75,31.0
334.0,31.25
334.5,31.25
334.75,31.5
335.25,31.5
335.5,31.75
336.25,31.75
336.5,32.0
337.0,32.0
337.25,32.25
337.75,32.25
338.0,32.5
338.75,32.5
339.0,32.75
339.5,32.75
339.75,33.0
340.25,33.0
340.5,33.25
341.25,33.25
341.5,33.5
342.0,33.5
342.25,33.75
342.75,33.75
343.0,34.0
343.5,34.0
343.75,34.25
344.5,34.25
344.75,34.5
345.25,34.5
345.5,34.75
346.0,34.75
346.25,35.0
347.0,35.0
347.25,35.25
347.75,35.25
348.0,35.5
348.5,35.5
348.75,35.75
349.25,35.75
349.5,36.0
350.25,36.0
350.5,36.25
351.0,36.25
351.25,36.5
351.75,36.5
352.0,36.75
352.75,36.75
353.0,37.0
353.5,37.0
353.75,37.25
354.25,37.25
354.5,37.5
355.0,37.5
355.25,37.75
356.0,37.75
356.25,38.0
356.75,38.0
357.0,38.25
357.5,38.25
357.75,38.5
358.5,38.5
358.75,38.75
359.25,38.75
359.5,39.0
360.0,39.0
360.25,39.25
360.75,39.25
361.0,39.5
361.75,39.5
362.0,39.75
362.5,39.75
362.75,40.0
363.25,40.0
363.5,40.25
364.25,40.25
364.5,40.5
365.0,40.5
365.25,40.75
365.75,40.75
366.0,41.0
366.5,41.0
366.75,41.25
367.5,41.25
367.75,41.5
368.25,41.5
368.5,41.75
369.0,41.75
369.25,42.0
370.0,42.0
370.25,42.25
370.75,42.25
371.0,42.5
371.5,42.5
371.75,42.75
372.25,42.75
372.5,43.0
373.25,43.0
373.5,43.25
374.0,43.25
374.25,43.5
374.75,43.5
375.0,43.75
375.75,43.75
376.0,44.0
376.5,44.0
376.75,44.25
377.25,44.25
377.5,44.5
378.0,44.5
378.25,44.75
379.0,44.75
379.25,45.0
379.75,45.0
380.0,45.25
380.5,45.25
380.75,45.5
381.5,45.5
381.75,45.75
382.25,45.75
382.5,46.0
383.0,46.0
383.25,46.25
383.75,46.25
384.0,46.5
384.75,46.5
385.0,46.75
385.5,46.75
385.75,47.0
386.25,47.0
386.5,47.25
387.25,47.25
387.5,47.5
388.25,47.5
388.5,47.75
389.5,47.75
389.75,48.0
390.75,48.0
391.0,48.25
392.0,48.25
392.25,48.5
393.0,48.5
393.25,48.75
394.25,48.75
394.5,49.0
395.5,49.0
395.75,49.25
396.75,49.25
397.0,49.5
398.0,49.5
398.25,49.75
399.0,49.75
399.25,50.0
400.25,50.0
400.5,50.25
401.5,50.25
401.75,50.5
402.75,50.5
403.0,50.75
403.75,50.75
404.0,51.0
405.0,51.0
405.25,51.25
406.25,51.25
406.5,51.5
407.5,51.5
407.75,51.75
408.75,51.75
409.0,52.0
409.75,52.0
410.0,52.25
411.0,52.25
411.25,52.5
412.25,52.5
412.5,52.75
413.5,52.75
413.75,53.0
414.5,53.0
414.75,53.25
415.75,53.25
416.0,53.5
417.0,53.5
417.25,53.75
418.25,53.75
418.5,54.0
419.5,54.0
419.75,54.25
420.5,54.25
420.75,54.5
421.75,54.5
422.0,54.75
423.0,54.75
423.25,55.0
424.25,55.0
424.5,55.25
425.25,55.25
425.5,55.5
426.5,55.5
426.75,55.75
427.75,55.75
428.0,56.0
429.0,56.0
429.25,56.25
430.0,56.25
430.25,56.5
431.25,56.5
431.5,56.75
432.5,56.75
432.75,57.0
433.75,57.0
434.0,57.25
435.0,57.25
435.25,57.5
436.0,57.5
436.25,57.75
437.25,57.75
437.5,58.0
438.5,58.0
438.75,58.25
439.75,58.25
440.0,58.5
440.75,58.5
441.0,58.75
442.0,58.75
442.25,59.0
443.25,59.0
443.5,59.25
444.5,59.25
444.75,59.5
445.5,59.5
445.75,59.75
446.75,59.75
447.0,60.0
448.0,60.0
448.25,60.25
449.25,60.25
449.5,60.5
450.25,60.5
450.5,60.75
451.5,60.75
451.75,61.0
452.75,61.0
453.0,61.25
454.0,61.25
454.25,61.5
455.0,61.5
455.25,61.75
456.25,61.75
456.5,62.0
457.5,62.0
457.75,62.25
458.75,62.25
459.0,62.5
459.75,62.5
460.0,62.75
461.0,62.75
461.25,63.0
462.25,63.0
462.5,63.25
463.5,63.25
463.75,63.5
464.5,63.5
464.75,63.75
465.75,63.75
466.0,64.0
467.0,64.0
467.25,64.25
468.25,64.25
468.5,64.5
469.25,64.5
469.5,64.75
470.5,64.75
470.75,65.0
471.75,65.0
472.0,65.25
472.75,65.25
473.0,65.5
474.0,65.5
474.25,65.75
475.25,65.75
475.5,66.0
476.5,66.0
476.75,66.25
477.5,66.25
477.75,66.5
478.75,66.5
479.0,66.75
480.0,66.75
480.25,67.0
481.0,67.0
481.25,67.25
482.25,67.25
482.5,67.5
483.5,67.5
483.75,67.75
484.75,67.75
485.0,68.0
485.75,68.0
486.0,68.25
487.0,68.25
487.25,68.5
488.25,68.5
488.5,68.75
489.25,68.75
489.5,69.0
490.5,69.0
490.75,69.25
491.75,69.25
492.0,69.5
492.75,69.5
493.0,69.75
494.0,69.75
494.25,70.0
495.25,70.0
495.5,70.25
496.25,70.25
496.5,70.5
497.5,70.5
497.75,70.75
498.75,70.75
499.0,71.0
499.75,71.0
500.0,71.25
501.0,71.25
501.25,71.5
502.25,71.5
502.5,71.75
503.25,71.75
503.5,72.0
504.5,72.0
504.75,72.25
505.75,72.25
506.0,72.5
506.75,72.5
507.0,72.75
508.0,72.75
508.25,73.0
509.0,73.0
509.25,73.25
510.25,73.25
510.5,73.5
511.25,73.5
511.5,73.75
512.5,73.75
512.75,74.0
513.0,74.25
513.0,74.75
512.75,75.0
512.75,75.5
512.5,75.75
512.5,76.25
512.25,76.5
512.25,77.0
512.0,77.25
512.0,77.75
511.75,78.0
511.75,78.5
511.5,78.75
511.5,79.25
511.25,79.5
511.25,79.75
511.0,80.0
511.0,80.5
510.75,80.75
510.75,81.25
510.5,81.5
510.5,82.0
510.25,82.25
510.25,82.75
510.0,83.0
510.0,83.5
509.75,83.75
509.75,84.0
509.5,84.25
509.5,84.75
509.25,85.0
509.25,85.5
509.0,85.75
509.0,86.25
508.75,86.5
508.75,87.0
508.5,87.25
508.5,87.75
508.25,88.0
508.25,88.5
508.0,88.75
508.0,89.0
507.75,89.25
507.75,89.75
507.5,90.0
507.5,90.5
507.25,90.75
507.25,91.25
507.0,91.5
507.0,92.0
506.75,92.25
506.75,92.75
506.5,93.0
506.5,93.5
506.25,93.75
506.25,94.0
506.0,94.25
506.0,94.75
505.75,95.0
505.75,95.5
505.5,95.75
505.5,96.25
505.25,96.5
505.25,97.0
505.0,97.25
505.0,97.75
504.75,98.0
504.75,98.5
504.5,98.75
504.5,99.0
504.25,99.25
504.25,99.75
504.0,100.0
504.0,100.5
503.75,100.75
503.75,101.25
503.5,101.5
503.5,102.0
503.25,102.25
503.25,102.75
503.0,103.0
503.0,103.5
502.75,103.75
502.75,104.0
502.5,104.25
502.5,104.75
502.25,105.0
502.25,105.5
502.0,105.75
502.0,106.25
501.75,106.5
501.75,107.0
501.5,107.25
501.5,107.75
501.25,108.0
501.25,108.5
501.0,108.75
501.0,109.0
500.75,109.25
500.75,109.75
500.5,110.0
500.5,110.5
500.25,110.75
500.25,111.25
500.0,111.5
500.0,112.0
499.75,112.25
499.75,112.75
499.5,113.0
499.5,113.5
499.25,113.75
499.25,114.0
499.0,114.25
499.0,114.75
498.75,115.0
498.75,115.5
498.5,115.75
498.5,116.25
498.25,116.5
498.25,117.0
498.0,117.25
498.0,117.75
497.75,118.0
497.75,118.5
497.5,118.75
497.5,119.0
497.25,119.25
497.25,119.75
497.0,120.0
497.0,120.5
496.75,120.75
496.75,121.25
496.5,121.5
496.5,122.0
496.25,122.25
496.25,122.75
496.0,123.0
496.0,123.5
495.75,123.75
495.75,124.0
495.5,124.25
495.5,124.75
495.25,125.0
495.25,125.5
495.0,125.75
495.0,126.25
494.75,126.5
494.75,127.0
494.5,127.25
494.5,127.75
494.25,128.0
494.25,128.5
494.0,128.75
494.0,129.0
493.75,129.25
493.75,129.75
493.5,130.0
493.5,130.5
493.25,130.75
493.25,131.25
493.0,131.5
493.0,132.0
492.75,132.25
492.75,132.75
492.5,133.0
492.5,133.5
492.25,133.75
492.25,134.0
492.0,134.25
492.0,134.75
491.75,135.0
491.75,135.5
491.5,135.75
491.5,136.25
491.25,136.5
491.25,137.0
491.0,137.25
491.0,137.75
490.75,138.0
490.75,138.5
490.5,138.75
490.5,139.0
490.25,139.25
490.25,139.75
490.0,140.0
490.0,140.5
489.75,140.75
489.75,141.25
489.5,141.5
489.5,142.0
489.25,142.25
489.25,142.75
489.0,143.0
489.0,143.5
488.75,143.75
488.75,144.0
488.5,144.25
488.5,144.75
488.25,145.0
488.25,145.5
488.0,145.75
488.0,146.25
487.75,146.5
487.75,147.0
487.5,147.25
487.5,147.75
487.25,148.0
487.25,148.5
487.0,148.75
487.0,149.0
486.75,149.25
486.75,149.75
486.5,150.0
486.5,150.5
486.25,150.75
486.25,151.25
486.0,151.5
486.0,152.0
485.75,152.25
485.75,152.75
485.5,153.0
485.5,153.5
485.25,153.75
485.25,154.0
485.0,154.25
485.0,154.75
484.75,155.0
484.75,155.5
484.5,155.75
484.5,156.25
484.25,156.5
484.25,157.0
484.0,157.25
484.0,157.75
483.75,158.0
483.75,158.5
483.5,158.75
483.5,159.0
483.25,159.25
483.25,159.75
483.0,160.0
483.0,160.5
482.75,160.75
482.75,161.25
482.5,161.5
482.5,162.0
482.25,162.25
482.25,162.75
482.0,163.0
482.0,163.5
481.75,163.75
481.75,164.0
481.5,164.25
481.5,164.75
481.25,165.0
481.25,165.5
481.0,165.75
481.0,166.25
480.75,166.5
480.75,167.0
480.5,167.25
480.5,167.75
480.25,168.0
480.25,168.5
480.0,168.75
480.0,169.0
479.75,169.25
479.75,169.75
479.5,170.0
479.5,170.5
479.25,170.75
479.25,171.25
479.0,171.5
479.0,172.0
478.75,172.25
478.75,172.75
478.5,173.0
478.5,173.25
478.25,173.5
478.25,174.0
478.0,174.25
478.0,174.75
477.75,175.0
477.75,175.5
477.5,175.75
477.5,176.25
477.25,176.5
477.25,177.0
477.0,177.25
477.0,177.75
476.75,178.0
476.75,178.25
476.5,178.5
476.5,179.0
476.25,179.25
476.25,179.75
476.0,180.0
476.0,180.5
475.75,180.75
475.75,181.25
475.5,181.5
475.5,182.0
475.25,182.25
475.25,182.75
475.0,183.0
475.0,183.25
474.75,183.5
474.75,184.0
474.5,184.25
474.5,184.75
474.25,185.0
474.25,185.5
474.0,185.75
474.0,186.25
473.75,186.5
473.75,187.0
473.5,187.25
473.5,187.75
473.25,188.0
473.25,188.25
473.0,188.5
473.0,188.75
472.75,189.0
472.5,189.25
468.75,189.25
468.5,189.0
464.75,189.0
464.5,188.75
461.25,188.75
461.0,188.5
457.5,188.5
457.25,188.25
454.0,188.25
453.75,188.0
450.5,188.0
450.25,187.75
446.5,187.75
446.25,187.5
445.5,187.5
445.25,187.75
444.0,187.75
443.75,188.0
442.75,188.0
442.5,188.25
441.75,188.25
441.5,188.5
440.75,188.5
440.5,188.75
440.0,188.75
439.75,189.0
439.25,189.0
439.0,189.25
438.5,189.25
438.25,189.5
437.75,189.5
437.5,189.75
437.0,189.75
436.75,190.0
436.5,190.0
436.25,190.25
436.0,190.25
435.75,190.5
435.5,190.5
435.25,190.75
435.0,190.75
434.75,191.0
434.25,191.0
434.0,191.25
433.75,191.5
433.5,191.5
433.25,191.75
433.0,191.75
432.75,192.0
432.5,192.0
432.25,192.25
432.0,192.25
431.75,192.5
431.5,192.75
431.25,192.75
431.0,193.0
430.75,193.25
430.5,193.25
430.25,193.5
430.0,193.75
429.75,193.75
429.5,194.0
429.25,194.25
429.0,194.25
428.75,194.5
428.5,194.75
428.25,195.0
428.0,195.25
427.75,195.25
427.5,195.5
427.25,195.75
427.0,196.0
426.75,196.25
426.5,196.5
426.25,196.75
426.0,196.75
425.75,197.0
425.5,197.25
425.25,197.5
425.0,197.75
424.75,198.0
424.5,198.25
424.25,198.5
424.0,198.75
423.75,199.0
423.75,199.25
423.5,199.5
423.25,199.75
423.0,200.0
422.75,200.25
422.5,200.5
422.25,200.75
422.25,201.0
422.0,201.25
421.75,201.5
421.5,201.75
421.5,202.0
421.25,202.25
421.0,202.5
420.75,202.75
420.75,203.0
420.5,203.25
420.25,203.5
420.25,203.75
420.0,204.0
419.75,204.25
419.75,204.5
419.5,204.75
419.5,205.0
419.25,205.25
419.25,205.5
419.0,205.75
418.75,206.0
418.75,206.25
418.5,206.5
418.5,206.75
418.25,207.0
418.25,207.25
418.0,207.5
418.0,207.75
417.75,208.0
417.75,208.25
417.5,208.5
417.5,208.75
417.25,209.0
417.25,209.5
417.0,209.75
417.0,210.0
416.75,210.25
416.75,210.75
416.5,211.0
416.5,211.5
416.25,211.75
416.25,212.0
416.0,212.25
416.0,212.75
415.75,213.0
415.75,213.75
415.5,214.0
415.5,214.75
415.25,215.0
415.25,215.75
415.0,216.0
415.0,217.25
414.75,217.5
414.75,406.25
414.5,406.5
414.5,406.75
414.25,407.0
113.0,407.0
112.75,406.75
112.5,406.5
112.5,406.25
112.25,406.0
112.25,405.25
112.5,405.0
112.5,360.25
112.75,360.0
112.75,308.5
113.0,308.25
113.0,229.25
113.25,229.0
113.25,217.75
113.0,217.5
113.0,216.5
112.75,216.25
112.75,215.25
112.5,215.0
112.5,214.25
112.25,214.0
112.25,213.5
112.0,213.25
112.0,212.5
111.75,212.25
111.75,211.75
111.5,211.5
111.5,211.25
111.25,211.0
111.25,210.5
111.0,210.25
111.0,209.75
110.75,209.5
110.75,209.25
110.5,209.0
110.5,208.75
110.25,208.5
110.25,208.25
110.0,208.0
110.0,207.75
109.75,207.5
109.75,207.0
109.5,206.75
109.5,206.5
109.25,206.25
109.0,206.0
109.0,205.75
108.75,205.5
108.75,205.25
108.5,205.0
108.5,204.75
108.25,204.5
108.0,204.25
108.0,204.0
107.75,203.75
107.5,203.5
107.5,203.25
107.25,203.0
107.0,202.75
107.0,202.5
106.75,202.25
106.5,202.0
106.5,201.75
106.25,201.5
106.0,201.25
105.75,201.0
105.5,200.75
105.5,200.5
105.25,200.25
105.0,200.0
104.75,199.75
104.5,199.5
104.25,199.25
104.0,199.0
103.75,198.75
103.75,198.5
103.5,198.25
103.25,198.0
103.0,197.75
102.75,197.5
102.5,197.25
102.25,197.0
102.0,197.0
101.75,196.75
101.5,196.5
101.25,196.25
101.0,196.0
100.75,195.75
100.5,195.5
100.25,195.25
100.0,195.25
99.75,195.0
99.5,194.75
99.25,194.5
99.0,194.5
98.75,194.25
98.5,194.0
98.25,193.75
98.0,193.75
97.75,193.5
97.5,193.25
97.25,193.25
97.0,193.0
96.75,192.75
96.5,192.75
96.25,192.5
96.0,192.25
95.75,192.25
95.5,192.0
95.25,192.0
95.0,191.75
94.75,191.75
94.5,191.5
94.25,191.25
94.0,191.25
93.75,191.0
93.5,191.0
93.25,190.75
93.0,190.75
92.75,190.5
92.25,190.5
92.0,190.25
91.75,190.25
91.5,190.0
91.25,190.0
91.0,189.75
90.5,189.75
90.25,189.5
90.0,189.5
89.75,189.25
89.25,189.25
89.0,189.0
88.5,189.0
88.25,188.75
87.75,188.75
87.5,188.5
86.75,188.5
86.5,188.25
85.75,188.25
85.5,188.0
84.75,188.0
84.5,187.75
83.25,187.75
83.0,187.5
80.25,187.5
80.0,187.75
77.5,187.75
77.25,188.0
75.25,188.0
75.0,188.25
73.0,188.25
72.75,188.5
70.75,188.5
70.5,188.75
68.75,188.75
68.5,189.0
66.5,189.0
66.25,189.25
64.25,189.25
64.0,189.5
61.75,189.5
61.5,189.75
58.5,189.75
58.25,189.5
58.0,189.25
58.0,189.0
57.75,188.75
57.75,188.25
57.5,188.0
57.5,187.75
57.25,187.5
57.25,187.0
57.0,186.75
57.0,186.25
56.75,186.0
56.75,185.5
56.5,185.25
56.5,184.75
56.25,184.5
56.25,184.25
56.0,184.0
56.0,183.5
55.75,183.25
55.75,182.75
55.5,182.5
55.5,182.0
55.25,181.75
55.25,181.25
55.0,181.0
55.0,180.75
54.75,180.5
54.75,180.0
54.5,179.75
54.5,179.25
54.25,179.0
54.25,178.5
54.0,178.25
54.0,177.75
53.75,177.5
53.75,177.25
53.5,177.0
53.5,176.5
53.25,176.25
53.25,175.75
53.0,175.5
53.0,175.0
52.75,174.75
52.75,174.25
52.5,174.0
52.5,173.75
52.25,173.5
52.25,173.0
52.0,172.75
52.0,172.25
51.75,172.0
51.75,171.5
51.5,171.25
51.5,170.75
51.25,170.5
51.25,170.25
51.0,170.0
51.0,169.5
50.75,169.25
50.75,168.75
50.5,168.5
50.5,168.0
50.25,167.75
50.25,167.25
50.0,167.0
50.0,166.75
49.75,166.5
49.75,166.0
49.5,165.75
49.5,165.25
49.25,165.0
49.25,164.5
49.0,164.25
49.0,163.75
48.75,163.5
48.75,163.25
48.5,163.0
48.5,162.5
48.25,162.25
48.25,161.75
48.0,161.5
48.0,161.0
47.75,160.75
47.75,160.25
47.5,160.0
47.5,159.75
47.25,159.5
47.25,159.0
47.0,158.75
47.0,158.25
46.75,158.0
46.75,157.5
46.5,157.25
46.5,156.75
46.25,156.5
46.25,156.25
46.0,156.0
46.0,155.5
45.75,155.25
45.75,154.75
45.5,154.5
45.5,154.0
45.25,153.75
45.25,153.25
45.0,153.0
45.0,152.75
44.75,152.5
44.75,152.0
44.5,151.75
44.5,151.25
44.25,151.0
44.25,150.5
44.0,150.25
44.0,150.0
43.75,149.75
43.75,149.25
43.5,149.0
43.5,148.5
43.25,148.25
43.25,147.75
43.0,147.5
43.0,147.0
42.75,146.75
42.75,146.5
42.5,146.25
42.5,145.75
42.25,145.5
42.25,145.0
42.0,144.75
42.0,144.25
41.75,144.0
41.75,143.5
41.5,143.25
41.5,143.0
41.25,142.75
41.25,142.25
41.0,142.0
41.0,141.5
40.75,141.25
40.75,140.75
40.5,140.5
40.5,140.0
40.25,139.75
40.25,139.5
40.0,139.25
40.0,138.75
39.75,138.5
39.75,138.0
39.5,137.75
39.5,137.25
39.25,137.0
39.25,136.5
39.0,136.25
39.0,136.0
38.75,135.75
38.75,135.25
38.5,135.0
38.5,134.5
38.25,134.25
38.25,133.75
38.0,133.5
38.0,133.0
37.75,132.75
37.75,132.5
37.5,132.25
37.5,131.75
37.25,131.5
37.25,131.0
37.0,130.75
37.0,130.25
36.75,130.0
36.75,129.5
36.5,129.25
36.5,129.0
36.25,128.75
36.25,128.25
36.0,128.0
36.0,127.5
35.75,127.25
35.75,126.75
35.5,126.5
35.5,126.0
35.25,125.75
35.25,125.5
35.0,125.25
35.0,124.75
34.75,124.5
34.75,124.0
34.5,123.75
34.5,123.25
34.25,123.0
34.25,122.5
34.0,122.25
34.0,122.0
33.75,121.75
33.75,121.25
33.5,121.0
33.5,120.5
33.25,120.25
33.25,119.75
33.0,119.5
33.0,119.0
32.75,118.75
32.75,118.5
32.5,118.25
32.5,117.75
32.25,117.5
32.25,117.0
32.0,116.75
32.0,116.25
31.75,116.0
31.75,115.5
31.5,115.25
31.5,115.0
31.25,114.75
31.25,114.25
31.0,114.0
31.0,113.5
30.75,113.25
30.75,112.75
30.5,112.5
30.5,112.0
30.25,111.75
30.25,111.5
30.0,111.25
30.0,110.75
29.75,110.5
29.75,110.0
29.5,109.75
29.5,109.25
29.25,109.0
29.25,108.5
29.0,108.25
29.0,108.0
28.75,107.75
28.75,107.25
28.5,107.0
28.5,106.5
28.25,106.25
28.25,105.75
28.0,105.5
28.0,105.0
27.75,104.75
27.75,104.5
27.5,104.25
27.5,103.75
27.25,103.5
27.25,103.0
27.0,102.75
27.0,102.25
26.75,102.0
26.75,101.5
26.5,101.25
26.5,101.0
26.25,100.75
26.25,100.25
26.0,100.0
26.0,99.5
25.75,99.25
25.75,98.75
25.5,98.5
25.5,98.0
25.25,97.75
25.25,97.5
25.0,97.25
25.0,96.75
24.75,96.5
24.75,96.0
24.5,95.75
24.5,95.25
24.25,95.0
24.25,94.5
24.0,94.25
24.0,94.0
23.75,93.75
23.75,93.25
23.5,93.0
23.5,92.5
23.25,92.25
23.25,91.75
23.0,91.5
23.0,91.0
22.75,90.75
22.75,90.5
22.5,90.25
22.5,89.75
22.25,89.5
22.25,89.0
22.0,88.75
22.0,88.25
21.75,88.0
21.75,87.5
21.5,87.25
21.5,87.0
21.25,86.75
21.25,86.25
21.0,86.0
21.0,85.5
20.75,85.25
20.75,84.75
20.5,84.5
20.5,84.0
20.25,83.75
20.25,83.5
20.0,83.25
20.0,82.75
19.75,82.5
19.75,82.0
19.5,81.75
19.5,81.25
19.25,81.0
19.25,80.5
19.5,80.25
19.75,80.0
20.5,80.0
20.75,79.75
21.75,79.75
22.0,79.5
22.75,79.5
23.0,79.25
23.75,79.25
24.0,79.0
24.75,79.0
25.0,78.75
25.75,78.75
26.0,78.5
26.75,78.5
27.0,78.25
27.75,78.25
28.0,78.0
28.75,78.0
29.0,77.75
29.75,77.75
30.0,77.5
30.75,77.5
31.0,77.25
31.75,77.25
32.0,77.0
32.75,77.0
33.0,76.75
33.75,76.75
34.0,76.5
34.75,76.5
35.0,76.25
35.5,76.25
35.75,76.0
36.5,76.0
36.75,75.75
37.5,75.75
37.75,75.5
38.5,75.5
38.75,75.25
39.5,75.25
39.75,75.0
40.5,75.0
40.75,74.75
41.25,74.75
41.5,74.5
42.25,74.5
42.5,74.25
43.25,74.25
43.5,74.0
44.25,74.0
44.5,73.75
45.0,73.75
45.25,73.5
46.0,73.5
46.25,73.25
47.0,73.25
47.25,73.0
48.0,73.0
48.25,72.75
48.75,72.75
49.0,72.5
49.75,72.5
50.0,72.25
50.75,72.25
51.0,72.0
51.75,72.0
52.0,71.75
52.5,71.75
52.75,71.5
53.5,71.5
53.75,71.25
54.5,71.25
54.75,71.0
55.5,71.0
55.75,70.75
56.25,70.75
56.5,70.5
57.25,70.5
57.5,70.25
58.25,70.25
58.5,70.0
59.0,70.0
59.25,69.75
60.0,69.75
60.25,69.5
61.0,69.5
61.25,69.25
61.75,69.25
62.0,69.0
62.75,69.0
63.0,68.75
63.75,68.75
64.0,68.5
64.75,68.5
65.0,68.25
65.5,68.25
65.75,68.0
66.5,68.0
66.75,67.75
67.5,67.75
67.75,67.5
68.25,67.5
68.5,67.25
69.25,67.25
69.5,67.0
70.25,67.0
70.5,66.75
71.0,66.75
71.25,66.5
72.0,66.5
72.25,66.25
73.0,66.25
73.25,66.0
73.75,66.0
74.0,65.75
74.75,65.75
75.0,65.5
75.5,65.5
75.75,65.25
76.5,65.25
76.75,65.0
77.5,65.0
77.75,64.75
78.25,64.75
78.5,64.5
79.25,64.5
79.5,64.25
80.25,64.25
80.5,64.0
81.0,64.0
81.25,63.75
82.0,63.75
82.25,63.5
83.0,63.5
83.25,63.25
83.75,63.25
84.0,63.0
84.75,63.0
85.0,62.75
85.5,62.75
85.75,62.5
86.5,62.5
86.75,62.25
87.5,62.25
87.75,62.0
88.25,62.0
88.5,61.75
89.25,61.75
89.5,61.5
90.25,61.5
90.5,61.25
91.0,61.25
91.25,61.0
92.0,61.0
92.25,60.75
92.75,60.75
93.0,60.5
93.75,60.5
94.0,60.25
94.75,60.25
95.0,60.0
95.5,60.0
95.75,59.75
96.5,59.75
96.75,59.5
97.25,59.5
97.5,59.25
98.25,59.25
98.5,59.0
99.25,59.0
99.5,58.75
100.0,58.75
100.25,58.5
101.0,58.5
101.25,58.25
101.75,58.25
102.0,58.0
102.75,58.0
103.0,57.75
103.75,57.75
104.0,57.5
104.5,57.5
104.75,57.25
105.5,57.25
105.75,57.0
106.25,57.0
106.5,56.75
107.25,56.75
107.5,56.5
108.25,56.5
108.5,56.25
109.0,56.25
109.25,56.0
110.0,56.0
110.25,55.75
110.75,55.75
111.0,55.5
111.75,55.5
112.0,55.25
112.5,55.25
112.75,55.0
113.5,55.0
113.75,54.75
114.5,54.75
114.75,54.5
115.25,54.5
115.5,54.25
116.25,54.25
116.5,54.0
117.0,54.0
117.25,53.75
118.0,53.75
118.25,53.5
118.75,53.5
119.0,53.25
119.75,53.25
120.0,53.0
120.75,53.0
121.0,52.75
121.5,52.75
121.75,52.5
122.5,52.5
122.75,52.25
123.25,52.25
123.5,52.0
124.25,52.0
124.5,51.75
125.0,51.75
125.25,51.5
126.0,51.5
126.25,51.25
126.75,51.25
127.0,51.0
127.75,51.0
128.0,50.75
128.75,50.75
129.0,50.5
129.5,50.5
129.75,50.25
130.5,50.25
130.75,50.0
131.25,50.0
131.5,49.75
132.25,49.75
132.5,49.5
133.0,49.5
133.25,49.25
134.0,49.25
134.25,49.0
134.75,49.0
135.0,48.75
135.75,48.75
136.0,48.5
136.5,48.5
136.75,48.25
137.5,48.25
137.75,48.0
138.25,48.0
138.5,47.75
139.25,47.75
139.5,47.5
140.0,47.5
140.25,47.25
141.0,47.25
141.25,47.0
141.75,47.0
142.0,46.75
142.75,46.75
143.0,46.5
143.5,46.5
143.75,46.25
144.25,46.25
144.5,46.0
145.0,46.0
145.25,45.75
146.0,45.75
146.25,45.5
146.75,45.5
147.0,45.25
147.5,45.25
147.75,45.0
148.5,45.0
148.75,44.75
149.25,44.75
149.5,44.5
150.0,44.5
150.25,44.25
151.0,44.25
151.25,44.0
151.75,44.0
152.0,43.75
152.5,43.75
152.75,43.5
153.25,43.5
153.5,43.25
154.25,43.25
154.5,43.0
155.0,43.0
155.25,42.75
155.75,42.75
156.0,42.5
156.75,42.5
157.0,42.25
157.5,42.25
157.75,42.0
158.25,42.0
158.5,41.75
159.25,41.75
159.5,41.5
160.0,41.5
160.25,41.25
160.75,41.25
161.0,41.0
161.5,41.0
161.75,40.75
162.5,40.75
162.75,40.5
163.25,40.5
163.5,40.25
164.0,40.25
164.25,40.0
165.0,40.0
165.25,39.75
165.75,39.75
166.0,39.5
166.5,39.5
166.75,39.25
167.5,39.25
167.75,39.0
168.25,39.0
168.5,38.75
169.0,38.75
169.25,38.5
169.75,38.5
170.0,38.25
170.75,38.25
171.0,38.0
171.5,38.0
171.75,37.75
172.25,37.75
172.5,37.5
173.25,37.5
173.5,37.25
174.0,37.25
174.25,37.0
174.75,37.0
175.0,36.75
175.5,36.75
175.75,36.5
176.5,36.5
176.75,36.25
177.25,36.25
177.5,36.0
178.0,36.0
178.25,35.75
179.0,35.75
179.25,35.5
179.75,35.5
180.0,35.25
180.5,35.25
180.75,35.0
181.25,35.0
181.5,34.75
182.25,34.75
182.5,34.5
183.0,34.5
183.25,34.25
183.75,34.25
184.0,34.0
184.75,34.0
185.0,33.75
185.5,33.75
185.75,33.5
186.25,33.5
186.5,33.25
187.25,33.25
187.5,33.0
188.0,33.0
188.25,32.75
188.75,32.75
189.0,32.5
189.5,32.5
189.75,32.25
190.5,32.25
190.75,32.0
191.25,32.0
191.5,31.75
192.0,31.75
192.25,31.5
193.0,31.5
193.25,31.25
193.75,31.25
194.0,31.0
194.5,31.0
194.75,30.75
195.25,30.75
195.5,30.5
196.25,30.5
196.5,30.25
197.0,30.25
197.25,30.0
197.75,30.0
198.0,29.75
198.75,29.75
199.0,29.5
199.5,29.5
199.75,29.25
200.25,29.25
200.5,29.0
201.0,29.0
201.25,28.75
202.0,28.75
202.25,28.5
202.75,28.5
203.0,28.25
203.5,28.25
203.75,28.0
204.5,28.0
204.75,27.75
205.25,27.75
205.5,27.5
206.0,27.5
206.25,27.25
206.75,27.25
207.0,27.0
207.25,27.0
207.5,26.75
207.75,26.5
208.0,26.5
208.25,26.25
208.5,26.0
208.75,26.0
209.0,25.75
209.25,25.5
209.5,25.5
209.75,25.25
210.0,25.0
210.25,25.0
210.5,24.75
210.75,24.5
211.0,24.5
211.25,24.25
211.5,24.0
211.75,24.0
212.0,23.75
212.25,23.5
212.5,23.25
212.75,23.25
213.0,23.0
213.25,22.75
213.5,22.75
213.75,22.5
214.0,22.25
214.25,22.25
214.5,22.0
214.75,21.75
215.0,21.75
215.25,21.5
215.5,21.25
215.75,21.25
216.0,21.0
216.25,20.75
216.5,20.5
216.75,20.5
217.0,20.25
217.25,20.0
217.5,20.0
217.75,19.75
218.0,19.5
218.25,19.5
218.5,19.25
218.75,19.0
219.0,19.0
219.25,18.75
219.5,18.5
219.75,18.5
220.0,18.25
220.25,18.0
220.5,17.75
220.75,17.75
221.0,17.5
221.25,17.25
221.5,17.25
221.75,17.0
222.0,16.75
222.25,16.75
222.5,16.5
222.75,16.25
223.0,16.25
223.25,16.0
223.5,15.75
223.75,15.75
224.0,15.5
224.25,15.25
224.5,15.0
